City,Temp_F,Humidity_%,Cloudiness_%,Wind_Speed_mph,Lat,Lon
Saskylakh,-13.47,100.0,87.0,3.06,71.9167,114.0833
Jamestown,43.54,88.0,90.0,1.01,42.097,-79.2353
Los Llanos de Aridane,65.12,80.0,20.0,3.0,28.6585,-17.9182
Nikolskoye,43.02,80.0,100.0,12.33,59.7035,30.7861
Sangar,20.55,95.0,100.0,7.16,63.9242,127.4739
Hobyo,78.76,79.0,40.0,7.92,5.3505,48.5268
Broome,41.25,78.0,1.0,1.01,42.2506,-75.833
Albany,42.6,81.0,48.0,5.23,42.6001,-73.9662
Cabo San Lucas,80.38,75.0,0.0,4.0,22.8909,-109.9124
Garoowe,72.91,79.0,19.0,9.04,8.4054,48.4845
Hilo,75.49,83.0,90.0,12.66,19.7297,-155.09
Dikson,13.87,88.0,100.0,17.9,73.5069,80.5464
South Kazakhstan Region,39.4,54.0,26.0,5.73,43.0,68.0
Kapaa,77.95,82.0,40.0,11.5,22.0752,-159.319
Yellowknife,41.88,76.0,20.0,20.71,62.456,-114.3525
Tibati,66.11,98.0,100.0,1.28,6.4667,12.6333
San Patricio,78.1,77.0,96.0,9.95,28.017,-97.5169
Bull Savanna,76.98,86.0,91.0,8.16,17.8868,-77.5902
Hūn,72.36,32.0,58.0,11.72,29.1268,15.9477
Pyapon,78.44,86.0,100.0,2.77,16.2833,95.6833
Pochutla,75.81,93.0,100.0,2.64,15.7432,-96.4661
Saint George,69.96,23.0,1.0,5.99,37.1041,-113.5841
Vila Franca do Campo,70.21,84.0,96.0,6.31,37.7167,-25.4333
Ribeira Grande,68.76,87.0,13.0,10.33,38.5167,-28.7
Amazar,41.77,56.0,9.0,2.15,53.858,120.875
Lucieni,56.05,99.0,88.0,4.76,44.85,25.4333
Ixtapa,78.75,93.0,88.0,0.6,20.7,-105.2
Tura,71.82,71.0,0.0,2.48,25.5198,90.2201
Tiksi,4.1,96.0,100.0,2.24,71.6872,128.8694
Wucheng,61.25,57.0,57.0,4.72,29.6008,118.175
Lavrentiya,23.88,83.0,100.0,12.33,65.5833,-171.0
Khatanga,1.99,94.0,98.0,11.23,71.9667,102.5
George Town,80.37,83.0,20.0,1.99,5.4112,100.3354
Salalah,74.12,75.0,78.0,3.22,17.0151,54.0924
Tabou,76.35,90.0,46.0,6.6,4.423,-7.3528
Chokurdakh,-10.97,99.0,98.0,2.84,70.6333,147.9167
Lagoa,67.55,85.0,43.0,13.58,39.05,-27.9833
Bogo,80.13,84.0,97.0,9.15,11.0517,124.0055
Bethel,56.71,75.0,100.0,5.28,41.3712,-73.414
Upernavik,21.15,82.0,100.0,5.7,72.7868,-56.1549
Beringovskiy,17.4,80.0,100.0,14.25,63.05,179.3167
Thompson,30.36,86.0,75.0,3.44,55.7435,-97.8558
Butaritari,82.27,78.0,77.0,18.57,3.0707,172.7902
Biltine,82.06,21.0,15.0,13.76,14.5333,20.9167
Darnah,67.12,62.0,6.0,9.17,32.767,22.6367
Sinnamary,78.04,89.0,91.0,11.16,5.3833,-52.95
Guerrero Negro,66.99,81.0,0.0,15.68,27.9769,-114.0611
College,40.77,57.0,75.0,0.0,64.8569,-147.8028
Fichē,44.31,73.0,13.0,3.76,9.8,38.7333
Sibolga,83.82,67.0,91.0,1.05,1.7427,98.7792
Taoudenni,77.29,28.0,0.0,6.55,22.6783,-3.9836
Pevek,12.9,91.0,100.0,7.02,69.7008,170.3133
Rafai,67.73,97.0,76.0,1.68,4.95,23.9167
Bahía Honda,77.34,81.0,100.0,7.09,22.9036,-83.1592
Kodinsk,40.33,74.0,100.0,9.95,58.6881,99.1844
Athabasca,44.92,46.0,100.0,14.58,54.7169,-113.2854
Tazovsky,21.78,97.0,87.0,2.01,67.4667,78.7
Ponta do Sol,68.36,66.0,34.0,7.74,32.6667,-17.1
Omsukchan,5.02,76.0,98.0,1.77,62.5333,155.8
Zaraza,73.92,92.0,61.0,5.26,9.3503,-65.3245
Diu,74.46,76.0,15.0,6.42,20.7141,70.9822
Rypin,45.01,78.0,77.0,20.09,53.066,19.4094
Vanavara,38.95,84.0,100.0,11.45,60.34,102.2797
Koygorodok,40.33,79.0,72.0,11.34,60.445,50.9968
Ocós,79.47,78.0,70.0,5.55,14.5094,-92.1933
Trecate,50.07,87.0,0.0,4.9,45.4348,8.7368
Lata,51.04,69.0,0.0,3.87,40.1629,-8.3327
Fairbanks,42.13,57.0,20.0,5.75,64.8378,-147.7164
Soubre,71.76,100.0,85.0,1.79,5.7856,-6.6083
San Andrés,82.42,83.0,75.0,5.75,12.5847,-81.7006
Khovu-Aksy,33.66,51.0,100.0,1.61,51.1333,93.6
Ilulissat,5.27,72.0,98.0,8.57,69.2167,-51.1
Ketchikan,46.87,87.0,75.0,19.57,55.3422,-131.6461
Galle,81.39,72.0,88.0,5.59,6.0367,80.217
Umeå,30.13,86.0,90.0,16.11,63.8284,20.2597
Hasaki,60.35,56.0,1.0,15.43,35.7333,140.8333
Leningradskiy,4.73,85.0,44.0,8.63,69.3833,178.4167
Rīga,37.44,87.0,20.0,6.91,57.0,24.0833
Safi,61.63,77.0,0.0,11.74,32.2994,-9.2372
Bose,47.91,73.0,0.0,4.61,45.4612,8.0137
Pangnirtung,28.4,69.0,75.0,8.05,66.1451,-65.7125
Longyearbyen,14.27,83.0,67.0,4.12,78.2186,15.6401
Sagarejo,39.63,72.0,0.0,3.11,41.734,45.3315
Ceres,61.12,76.0,20.0,6.91,37.5949,-120.9577
Tudela,49.1,78.0,0.0,11.97,42.0617,-1.6045
Cayenne,78.1,88.0,90.0,1.14,4.9333,-52.3333
Koróni,56.91,75.0,0.0,8.01,36.8,21.95
Tuktoyaktuk,33.8,100.0,90.0,13.8,69.4541,-133.0374
Kaabong,68.22,60.0,82.0,7.76,3.4836,34.1492
Abū Zabad,81.79,49.0,70.0,3.78,12.35,29.25
Pacific Grove,57.63,86.0,75.0,1.01,36.6177,-121.9166
Tasiilaq,28.31,92.0,100.0,11.36,65.6145,-37.6368
Katsuura,62.4,51.0,3.0,15.82,35.1333,140.3
Vestmannaeyjar,48.76,97.0,100.0,7.09,63.4427,-20.2734
Shangzhi,47.48,40.0,0.0,12.39,45.2167,127.9667
Nome,39.27,57.0,90.0,19.57,64.5011,-165.4064
Fortuna,56.64,74.0,90.0,5.01,40.5982,-124.1573
Moskovskiy,41.86,67.0,0.0,11.18,55.5991,37.355
Ostrovnoy,34.09,66.0,100.0,23.2,68.0531,39.5131
Barrow,30.22,86.0,90.0,6.91,71.2906,-156.7887
Severobaykal'sk,36.82,56.0,68.0,1.1,55.65,109.3167
Riyadh,69.94,34.0,2.0,4.61,24.6877,46.7219
Hamilton,51.91,96.0,90.0,1.99,39.1834,-84.5333
Krasnyy Chikoy,39.99,47.0,41.0,2.17,50.3643,108.7512
Saint Paul Harbor,41.18,76.0,100.0,12.37,57.79,-152.4072
Talnakh,25.7,97.0,100.0,9.06,69.4865,88.3972
Roseburg,54.0,87.0,100.0,1.41,43.2165,-123.3417
Kyra,39.87,45.0,11.0,2.53,49.5776,111.9753
Coahuayana Viejo,80.08,91.0,100.0,3.94,18.7333,-103.6833
Dubrovka,37.38,70.0,48.0,13.44,53.6907,33.5071
Kahului,80.6,70.0,20.0,19.57,20.8947,-156.47
Salinas,58.41,79.0,75.0,6.91,36.6777,-121.6555
Takoradze,77.09,88.0,100.0,6.17,4.8845,-1.7554
Kitami,45.05,80.0,98.0,10.16,43.8031,143.8908
Iqaluit,25.7,86.0,90.0,15.01,63.7506,-68.5145
Qaanaaq,-0.85,65.0,0.0,8.3,77.484,-69.3632
Ponta Delgada,70.52,73.0,75.0,9.22,37.7333,-25.6667
Clyde River,21.63,76.0,100.0,6.42,70.4692,-68.5914
La Asuncion,80.33,89.0,86.0,12.66,11.0333,-63.8628
Dongsheng,43.41,49.0,9.0,14.54,39.8161,109.9776
Aquin,79.36,82.0,64.0,6.11,18.2833,-73.4
Khandyga,17.47,90.0,99.0,2.89,62.6667,135.6
Peravurani,82.67,75.0,74.0,5.64,10.3,79.1833
Rio Tuba,81.86,79.0,100.0,9.84,8.5061,117.4317
Shelburne,37.76,87.0,100.0,2.48,44.0787,-80.2041
Mehamn,32.86,66.0,100.0,14.58,71.0357,27.8492
Sembakung,78.73,70.0,96.0,3.71,3.8167,117.25
Hambantota,75.54,100.0,20.0,4.61,6.1241,81.1185
Lanxi,60.82,64.0,99.0,3.94,29.2195,119.477
Jiazi,66.67,75.0,100.0,10.09,22.8779,116.067
Buraidah,70.25,38.0,0.0,6.6,26.326,43.975
Ossora,25.79,61.0,37.0,1.57,59.2353,163.0719
Wasilla,38.32,81.0,1.0,0.0,61.5814,-149.4394
Elizabeth City,65.05,95.0,40.0,11.5,36.2946,-76.2511
Ivanovka,32.43,60.0,0.0,3.18,42.8878,75.085
Hong Kong,66.94,77.0,80.0,1.99,22.2855,114.1577
Qeshm,75.07,41.0,0.0,15.68,26.9581,56.2719
Portland,53.1,91.0,75.0,1.01,45.5234,-122.6762
Médéa,50.45,88.0,28.0,0.49,36.2642,2.7539
Vardø,35.06,60.0,100.0,20.42,70.3705,31.1107
Selizharovo,41.4,80.0,100.0,13.24,56.8519,33.4487
Iralaya,80.17,84.0,100.0,7.78,15.0,-83.2333
Kushmurun,44.1,67.0,9.0,18.92,52.4503,64.6311
Meulaboh,78.8,83.0,98.0,1.99,4.1363,96.1285
Muros,47.89,90.0,5.0,5.1,42.7762,-9.0603
Aksaray,33.39,33.0,0.0,1.23,38.3726,34.0254
Togur,34.66,83.0,100.0,17.0,58.3631,82.8265
Yenagoa,73.85,97.0,100.0,0.98,4.9247,6.2642
Totolapan,79.93,94.0,100.0,4.92,18.5167,-96.1833
Xingyi,48.54,94.0,100.0,2.8,24.1877,102.817
Torbay,51.39,85.0,90.0,5.75,47.6666,-52.7314
Port Maria,75.29,95.0,96.0,7.76,18.3685,-76.8895
Ridgecrest,69.35,38.0,75.0,8.01,35.6225,-117.6709
Srednekolymsk,-1.53,89.0,54.0,1.16,67.45,153.6833
Beyneu,48.52,36.0,3.0,10.11,45.3167,55.2
Boddam,34.11,67.0,100.0,11.5,57.4667,-1.7833
Sidi Ali,61.93,86.0,46.0,7.81,36.0998,0.4206
Hosdurga,73.13,83.0,100.0,3.2,13.7981,76.2861
Berdigestyakh,34.29,95.0,100.0,9.93,62.0989,126.6992
São Filipe,80.47,65.0,0.0,4.16,14.8961,-24.4956
George Town,80.37,83.0,20.0,1.99,5.4112,100.3354
Narsaq,36.55,99.0,100.0,2.39,60.9167,-46.05
Berlevåg,33.78,63.0,100.0,18.97,70.8578,29.0864
Ibrā’,73.35,62.0,1.0,1.07,22.6906,58.5334
Marsh Harbour,80.64,69.0,100.0,14.07,26.5412,-77.0636
Evensk,12.61,65.0,82.0,5.35,61.95,159.2333
Halifax,62.31,94.0,100.0,3.0,44.6453,-63.5724
Phan Thiet,83.35,73.0,89.0,1.45,10.9333,108.1
Cocobeach,78.73,89.0,100.0,3.13,1.0002,9.5823
Zhalantun,49.03,37.0,7.0,7.14,48.0,122.7167
Chabahar,77.59,77.0,0.0,8.05,25.2919,60.643
Ndélé,72.61,86.0,94.0,3.24,8.4109,20.6473
Conakry,80.67,94.0,75.0,6.91,9.538,-13.6773
Fos-sur-Mer,49.21,62.0,0.0,11.5,43.4377,4.9446
Kiryat Gat,65.66,68.0,0.0,4.03,31.61,34.7642
San Quintín,63.99,84.0,5.0,16.44,30.4833,-115.95
Madera,61.74,77.0,97.0,7.27,37.1666,-119.8343
Aktash,24.96,88.0,99.0,3.33,50.3,87.7333
Wenling,63.91,77.0,100.0,8.43,28.3669,121.36
San Francisco,57.7,88.0,75.0,1.01,37.7749,-122.4194
El Dorado,47.39,99.0,100.0,0.87,38.7666,-120.5177
Bandarbeyla,76.5,81.0,57.0,3.33,9.4942,50.8122
Abhā,53.85,38.0,0.0,0.0,18.2164,42.5053
Myitkyina,73.02,88.0,25.0,1.81,25.3833,97.4
Virginia Beach,64.29,92.0,75.0,4.61,36.8529,-75.978
Colotlán,66.56,47.0,6.0,1.14,22.1,-103.2667
Poplar Bluff,52.99,87.0,1.0,0.0,36.757,-90.3929
Yar-Sale,27.14,94.0,89.0,8.61,66.8333,70.8333
Yurga,35.69,56.0,83.0,20.87,55.7231,84.8861
Moba,42.66,91.0,100.0,4.72,33.2288,105.0179
Jining,60.01,1.0,62.0,5.53,35.405,116.5814
Vestmanna,43.72,93.0,90.0,18.41,62.1564,-7.1664
Buguda,73.31,69.0,72.0,3.11,19.8167,84.8
Cascais,60.1,62.0,6.0,8.99,38.6979,-9.4215
Atikokan,33.62,87.0,100.0,4.09,48.7555,-91.6216
Troitsko-Pechorsk,38.48,81.0,94.0,9.89,62.7084,56.1964
Peniche,55.09,85.0,6.0,10.49,39.3558,-9.3811
Ino,65.73,47.0,10.0,9.37,33.55,133.4333
Port Blair,76.08,90.0,100.0,9.24,11.6667,92.75
Yate,49.37,84.0,35.0,1.01,51.5407,-2.4184
Malinovskiy,42.49,91.0,100.0,11.59,61.1953,62.8397
Verāval,77.97,68.0,30.0,8.03,20.9,70.3667
Klaksvík,45.52,79.0,100.0,26.51,62.2266,-6.589
Sørland,40.84,52.0,100.0,4.41,67.667,12.6934
Severo-Kuril'sk,42.04,72.0,39.0,13.18,50.6789,156.125
Tilichiki,10.81,80.0,16.0,6.04,60.4667,166.1
Taunggyi,65.88,89.0,100.0,2.19,20.7833,97.0333
Klamath Falls,45.48,78.0,75.0,6.91,42.2249,-121.7817
Ulaangom,37.53,55.0,100.0,1.81,49.9811,92.0667
Cervo,44.19,85.0,11.0,10.36,43.6702,-7.4101
Suntar,37.26,81.0,29.0,8.03,62.1444,117.6319
Bergen,41.68,83.0,75.0,9.22,60.392,5.328
Corrales,64.04,25.0,1.0,1.99,35.2378,-106.6067
Rome,38.01,89.0,1.0,0.0,43.2128,-75.4557
Oistins,82.49,69.0,20.0,24.16,13.0667,-59.5333
Shymkent,36.19,81.0,40.0,2.24,42.3,69.6
Asău,52.07,71.0,100.0,4.41,46.4333,26.4
Acapulco de Juárez,76.33,92.0,100.0,12.82,16.8634,-99.8901
Hofn,46.98,98.0,100.0,16.37,64.2539,-15.2082
Muroto-misakicho,66.24,48.0,0.0,10.8,33.2833,134.15
Ségou,82.42,60.0,39.0,5.46,13.4317,-6.2157
Nicoya,74.75,91.0,54.0,1.25,10.1483,-85.452
Leshukonskoye,27.55,93.0,100.0,8.52,64.8989,45.7622
Otrado-Kubanskoye,50.04,62.0,0.0,5.95,45.2442,40.8408
Nanortalik,38.77,97.0,100.0,10.49,60.1432,-45.2371
Rūdbār,48.94,29.0,0.0,6.8,30.15,62.6
Damietta,73.29,66.0,4.0,10.63,31.4165,31.8133
Santa Rosa,85.93,64.0,90.0,12.53,14.3122,121.1114
Vadakku Valliyūr,78.22,80.0,100.0,6.06,8.3833,77.65
Uptar,17.83,85.0,100.0,7.25,59.75,150.9167
Dalnerechensk,48.88,45.0,4.0,10.22,45.9339,133.7225
Kontagora,73.18,86.0,100.0,5.32,10.3999,5.4695
Nizwá,73.9,48.0,1.0,0.58,22.9333,57.5333
Aleksandrovskiy Zavod,37.17,66.0,0.0,3.62,50.9237,117.9374
Mil'kovo,37.4,69.0,54.0,6.17,54.7167,158.6167
Praia da Vitória,66.45,94.0,40.0,5.46,38.7333,-27.0667
Aswān,69.1,37.0,0.0,9.22,24.0934,32.907
Sringeri,70.7,97.0,96.0,1.68,13.4167,75.25
Grindavik,46.87,100.0,90.0,16.11,63.8424,-22.4338
La Sarre,32.61,75.0,100.0,4.43,48.8002,-79.1996
Teya,32.77,78.0,97.0,13.06,60.3778,92.6267
Shenjiamen,66.42,55.0,100.0,13.98,29.9576,122.298
Provideniya,27.52,75.0,100.0,8.19,64.3833,-173.3
Cherskiy,1.11,96.0,100.0,3.15,68.75,161.3
Talaya,5.54,69.0,99.0,2.89,61.3833,152.75
Kalmunai,80.47,78.0,24.0,5.3,7.4167,81.8167
Aklavik,32.83,94.0,100.0,15.41,68.2191,-135.0107
Naze,70.72,56.0,89.0,14.94,28.3667,129.4833
Kilinochchi,80.01,80.0,37.0,4.21,9.3961,80.3982
Oneonta,39.99,91.0,51.0,2.73,42.4529,-75.0638
Brae,44.51,68.0,94.0,6.51,60.3964,-1.353
Eureka,56.55,71.0,100.0,9.15,40.8021,-124.1637
San Jose,58.91,76.0,100.0,3.0,37.3394,-121.895
Tyrma,43.86,62.0,10.0,6.02,50.0833,132.1667
Pishin,46.89,39.0,0.0,1.52,30.5803,66.9961
Raudeberg,42.87,77.0,96.0,1.99,61.9875,5.1352
Longkou,56.35,52.0,87.0,3.96,37.6508,120.3286
Tessalit,79.12,23.0,5.0,8.19,20.1986,1.0114
Udachny,13.96,96.0,99.0,1.88,66.4167,112.4
Ust'-Omchug,10.0,89.0,100.0,3.62,61.15,149.6333
Hīt,69.69,27.0,0.0,7.4,33.6416,42.8251
Shirgaon,75.87,74.0,50.0,4.65,19.7,72.7
Butterworth,80.46,83.0,20.0,1.99,5.3991,100.3638
Anadyr,12.7,79.0,75.0,15.66,64.75,177.4833
Ust-Tsilma,29.55,97.0,100.0,6.13,65.441,52.1498
Kāmalāpuram,80.82,76.0,81.0,4.5,14.5833,78.65
Miramar,76.21,93.0,40.0,0.0,25.9873,-80.2323
Atyrau,53.62,94.0,75.0,13.42,47.1167,51.8833
Korla,56.3,26.0,100.0,10.78,41.7597,86.1469
Orneta,42.91,81.0,89.0,19.17,54.1148,20.1333
Bontang,81.66,74.0,100.0,9.73,0.1333,117.5
Santa Marta,80.92,81.0,5.0,7.4,11.2408,-74.199
Eyl,76.37,81.0,34.0,3.94,7.9803,49.8164
Norman Wells,42.84,70.0,20.0,14.97,65.282,-126.8329
Englehart,36.16,80.0,90.0,0.0,47.8169,-79.8664
Nioro,75.33,79.0,40.0,5.21,13.35,-15.75
Half Moon Bay,57.65,83.0,90.0,0.0,37.4636,-122.4286
Bonavista,48.2,81.0,100.0,6.53,48.6499,-53.1147
Xixiang,57.43,55.0,95.0,7.87,35.1628,112.865
Ouésso,69.42,99.0,85.0,0.31,1.6136,16.0517
Galveston,76.19,81.0,46.0,9.64,29.3669,-94.9669
Gigmoto,78.17,92.0,100.0,9.24,13.7796,124.39
Sint-Truiden,47.23,93.0,100.0,5.1,50.8154,5.184
Zyryanka,0.0,77.0,45.0,1.28,65.75,150.85
Oktyabr'skiy,46.29,92.0,22.0,13.04,54.4815,53.471
Tigzirt,65.71,76.0,95.0,4.63,36.8886,4.1198
Assiut,64.58,63.0,2.0,12.46,27.181,31.1837
La Ronge,34.05,80.0,75.0,11.5,55.1001,-105.2842
Larsnes,43.45,77.0,100.0,5.79,62.2028,5.5773
Praia,77.54,69.0,20.0,9.22,14.9215,-23.5087
Safaga,71.55,53.0,2.0,16.08,26.7292,33.9365
Muisne,75.06,86.0,100.0,8.63,0.6,-80.0333
Marawi,73.65,72.0,100.0,2.86,7.9986,124.2928
Żurrieq,71.11,88.0,0.0,10.36,35.8311,14.4742
Dunaföldvár,44.62,56.0,56.0,12.91,46.808,18.9264
Wang Saphung,73.42,83.0,75.0,2.3,17.301,101.7685
Afikpo,71.94,98.0,100.0,3.27,5.8931,7.9374
Sisimiut,21.07,73.0,8.0,8.7,66.9395,-53.6735
Laas,40.66,80.0,20.0,4.14,46.6166,10.7002
Sojītra,71.73,74.0,19.0,2.53,22.55,72.7167
Semey,37.62,65.0,0.0,17.9,50.4111,80.2275
Dingle,82.92,79.0,59.0,11.95,10.9995,122.6711
Béjar,50.45,74.0,0.0,4.16,40.3864,-5.7634
Mukhen,43.93,57.0,14.0,10.04,48.1,136.1
Margate,47.75,84.0,11.0,7.54,51.3813,1.3862
Laguna,61.11,71.0,1.0,1.99,38.421,-121.4238
Dongli,66.18,82.0,75.0,6.71,23.5656,116.8194
Kavaratti,81.82,75.0,37.0,4.12,10.5669,72.642
Disna,40.68,79.0,100.0,16.55,55.568,28.1971
Sept-Îles,48.07,97.0,90.0,3.0,50.2001,-66.3821
Mayo,57.52,85.0,99.0,1.01,38.8876,-76.5119
Tashtagol,32.56,89.0,47.0,2.59,52.7657,87.8894
Suisun City,58.69,81.0,100.0,5.01,38.2382,-122.0402
Jiangyou,54.81,90.0,99.0,2.3,31.7667,104.7167
Isil'kul',43.65,76.0,100.0,20.47,54.9109,71.2728
Dvinskoy,38.86,97.0,100.0,10.13,62.1535,45.1175
Cockburn Town,83.46,75.0,96.0,19.06,21.4612,-71.1419
Florida,72.12,94.0,40.0,0.0,28.7505,-82.5001
Guadalajara,67.42,66.0,99.0,1.48,20.6667,-103.3333
Candolim,78.8,94.0,75.0,2.3,15.5181,73.7626
Slyudyanka,43.41,49.0,10.0,4.0,51.6594,103.7061
Sitka,48.09,66.0,75.0,11.5,57.0531,-135.33
Saiha,74.93,66.0,66.0,1.01,22.4833,92.9667
Aksu,50.88,61.0,100.0,7.7,41.1231,80.2644
Plouzané,41.9,97.0,0.0,5.75,48.3833,-4.6167
Puro,78.17,86.0,100.0,10.69,12.4841,123.3827
Lompoc,60.93,90.0,90.0,18.01,34.6391,-120.4579
Nuuk,27.88,54.0,0.0,32.99,64.1835,-51.7216
Egvekinot,12.11,83.0,100.0,6.87,66.3167,-179.1667
Mahon,64.96,63.0,20.0,23.02,39.8885,4.2658
Ambad,70.34,63.0,64.0,3.49,19.6167,75.8
Alekseyevka,49.1,59.0,93.0,7.0,50.6309,38.6903
Lal'sk,40.78,78.0,100.0,11.34,60.7415,47.5862
Tombouctou,76.84,23.0,0.0,7.47,20.0,-3.0
Resavica,52.77,97.0,100.0,2.84,44.0408,21.5816
Strezhevoy,33.78,97.0,100.0,14.32,60.7333,77.5889
Tahoua,87.94,24.0,65.0,7.43,14.8888,5.2692
Smyrna,58.03,84.0,20.0,4.61,33.884,-84.5144
Slave Lake,46.38,61.0,90.0,11.5,55.2834,-114.769
Oodweyne,70.63,27.0,8.0,14.67,9.4092,45.064
Chara,38.07,53.0,81.0,1.97,56.9064,118.2631
Arlit,84.45,15.0,20.0,10.71,18.7369,7.3853
Tulum,80.98,91.0,94.0,4.88,20.2167,-87.4667
Sulat,77.36,91.0,100.0,1.92,11.8103,125.4544
Westport,58.95,66.0,90.0,5.99,41.1415,-73.3579
Valparai,60.57,92.0,99.0,0.25,10.3667,76.9667
Aasiaat,16.41,96.0,100.0,11.77,68.7098,-52.8699
Divnogorsk,39.69,65.0,58.0,12.77,55.9594,92.3619
Olafsvik,45.34,94.0,100.0,8.75,64.8945,-23.7142
Dharmadam,77.7,90.0,100.0,4.18,11.7833,75.4333
Along,68.9,81.0,31.0,0.83,28.1667,94.7667
Camacha,65.61,68.0,75.0,6.91,33.0833,-16.3333
Yarmouth,60.48,90.0,40.0,5.01,41.7057,-70.2286
Batticaloa,79.93,81.0,8.0,6.89,7.7102,81.6924
Havre-St-Pierre,46.94,100.0,90.0,14.97,50.2334,-63.5986
Anderson,59.74,83.0,0.0,1.99,34.5334,-82.6499
Calafell,59.0,67.0,100.0,5.32,41.2,1.5683
Impfondo,71.11,91.0,93.0,1.83,1.6381,18.0667
Lerwick,44.6,65.0,100.0,5.82,60.1545,-1.1494
Pedernales,80.46,72.0,95.0,5.7,18.0384,-71.744
Adrar,72.23,22.0,81.0,7.94,20.5022,-10.0711
Fethiye,51.67,64.0,0.0,2.55,36.6217,29.1164
Ayan,41.72,54.0,21.0,9.62,56.45,138.1667
Zverinogolovskoye,45.7,76.0,98.0,16.37,54.4586,64.8542
Huttwil,34.59,95.0,33.0,2.77,47.115,7.8621
Port Hardy,48.38,87.0,90.0,6.91,50.6996,-127.4199
Birao,74.93,69.0,99.0,2.86,10.2849,22.7882
Chapais,29.98,81.0,100.0,2.68,49.7834,-74.8492
Erzin,54.12,36.0,0.0,2.91,36.9559,36.2
Mbini,75.36,92.0,100.0,4.38,1.574,9.6134
Ukiah,53.91,82.0,100.0,3.04,39.1502,-123.2078
Yelizovo,39.34,70.0,75.0,4.47,53.1873,158.3805
Chapleau,35.69,75.0,75.0,0.0,47.8405,-83.4034
Xining,44.2,66.0,38.0,1.1,36.6167,101.7667
Auch,51.75,88.0,36.0,1.99,43.65,0.5833
Changzhou,64.96,45.0,12.0,5.68,31.7833,119.9667
The Valley,82.26,67.0,5.0,21.16,18.217,-63.0578
Iisalmi,33.82,88.0,100.0,12.24,63.5592,27.1907
Cartagena,83.82,79.0,75.0,9.22,10.3997,-75.5144
Kutum,73.62,30.0,27.0,10.78,14.2,24.6667
Shimoda,63.1,69.0,65.0,5.64,34.6667,138.95
Zhigalovo,38.1,66.0,75.0,1.77,54.8097,105.1578
Catuday,82.04,73.0,26.0,8.08,16.2923,119.8062
Gryfino,43.77,81.0,17.0,17.98,53.2524,14.4883
Sukumo,65.44,49.0,0.0,3.58,32.9333,132.7333
Consolación del Sur,73.67,83.0,100.0,3.18,22.5047,-83.5136
Rincon,66.83,94.0,0.0,5.14,32.296,-81.2354
Huilong,63.99,54.0,96.0,6.55,31.8111,121.655
Vilyuysk,33.01,87.0,94.0,9.78,63.7553,121.6247
Flin Flon,34.16,77.0,100.0,7.92,54.7682,-101.865
Edd,84.04,72.0,6.0,6.08,13.9297,41.6925
Batagay,11.44,90.0,93.0,0.96,67.6333,134.6333
Okhotsk,23.18,72.0,26.0,14.0,59.3833,143.3
Belaya Gora,-4.67,87.0,51.0,1.03,68.5333,146.4167
Dakoro,87.21,31.0,82.0,15.46,14.5106,6.765
Griffith,48.76,79.0,90.0,3.44,41.5284,-87.4237
Bubaque,82.76,76.0,67.0,11.39,11.2833,-15.8333
Bonthe,77.07,87.0,98.0,3.24,7.5264,-12.505
Khuzhir,40.86,69.0,10.0,1.16,53.1939,107.3397
Rāichūr,74.43,64.0,80.0,5.08,16.2,77.3667
Likhoslavl',39.6,74.0,74.0,13.82,57.1275,35.464
Vikhorevka,33.39,74.0,93.0,7.0,56.1201,101.1636
Burgeo,54.03,98.0,100.0,9.1,47.6167,-57.6152
Saint-Augustin,43.39,68.0,100.0,10.27,51.226,-58.6502
Yatou,57.88,47.0,100.0,5.17,37.15,122.3833
Shīeli,43.03,42.0,96.0,5.88,44.1667,66.75
Buxar,71.47,70.0,0.0,4.0,25.5833,83.9833
Kiruna,16.72,93.0,90.0,0.0,67.8557,20.2251
Izumo,60.69,51.0,40.0,13.8,35.3667,132.7667
