City,Temp_F,Humidity_%,Cloudiness_%,Wind_Speed_mph,Lat,Lon
Broken Hill,67.71,42.0,40.0,17.27,-31.95,141.4333
Kaitangata,60.67,61.0,99.0,6.4,-46.2817,169.8464
Hermanus,59.81,88.0,100.0,23.55,-34.4187,19.2345
Farafangana,70.43,78.0,100.0,2.39,-22.8167,47.8333
Tarauacá,77.02,82.0,100.0,2.35,-8.1614,-70.7656
Ushuaia,40.66,75.0,75.0,12.66,-54.8,-68.3
Saint-Philippe,71.2,82.0,35.0,7.54,-21.3585,55.7679
Arraial do Cabo,68.65,79.0,1.0,12.82,-22.9661,-42.0278
Mar del Plata,54.59,89.0,90.0,1.01,-38.0023,-57.5575
Mataura,72.32,39.0,99.0,1.28,-46.1927,168.8643
Bredasdorp,56.52,72.0,100.0,23.02,-34.5322,20.0403
Cape Town,56.59,88.0,75.0,5.99,-33.9258,18.4232
Hobart,53.1,91.0,75.0,3.0,-42.8794,147.3294
Mahébourg,71.89,94.0,75.0,6.91,-20.4081,57.7
Port Alfred,61.32,84.0,3.0,9.8,-33.5906,26.891
Lebu,50.67,66.0,63.0,16.55,-37.6167,-73.65
Maragogi,77.34,85.0,7.0,7.07,-9.0122,-35.2225
Castro,55.31,81.0,0.0,3.78,-24.7911,-50.0119
New Norfolk,52.57,83.0,100.0,2.24,-42.7826,147.0587
Gamba,76.35,88.0,100.0,5.79,-2.65,10.0
Msanga,66.18,73.0,67.0,5.03,-6.05,36.0333
Busselton,63.63,55.0,0.0,4.85,-33.65,115.3333
Bluff,56.8,67.0,100.0,11.25,-46.6,168.3333
Vao,73.24,78.0,0.0,5.48,-22.6667,167.4833
Ancud,47.73,77.0,96.0,9.4,-41.8697,-73.8203
Caucayá,73.85,95.0,90.0,0.83,-0.1934,-74.7819
Constitución,49.17,84.0,1.0,13.13,-35.3333,-72.4167
Le Port,71.58,92.0,2.0,6.49,-20.9373,55.2919
Port Augusta,70.7,48.0,61.0,18.61,-32.5,137.7667
Punta Arenas,39.31,81.0,75.0,35.68,-53.15,-70.9167
Pimentel,64.33,87.0,97.0,11.52,-6.8367,-79.9342
Angoche,70.81,76.0,3.0,5.01,-16.2325,39.9086
Rikitea,74.07,83.0,9.0,19.66,-23.1203,-134.9692
Ambilobe,71.56,93.0,13.0,2.55,-13.2,49.05
Haapiti,72.72,87.0,93.0,29.93,-17.5667,-149.8667
Ahipara,60.71,94.0,100.0,19.77,-35.1667,173.1667
Atuona,77.88,79.0,23.0,17.2,-9.8,-139.0333
Vaini,77.16,78.0,75.0,11.5,-21.2,-175.2
Plettenberg Bay,60.64,65.0,100.0,6.49,-34.0527,23.3716
Lorengau,86.02,65.0,71.0,8.01,-2.0226,147.2712
Cidreira,64.96,87.0,0.0,9.6,-30.1811,-50.2056
Itarema,79.57,80.0,70.0,10.67,-2.9248,-39.9167
Inhambane,71.38,70.0,0.0,12.84,-23.865,35.3833
Daru,85.06,61.0,21.0,11.18,-9.0763,143.2092
Tuatapere,66.18,52.0,93.0,5.46,-46.1333,167.6833
Avarua,73.45,64.0,20.0,5.75,-21.2078,-159.775
Calvinia,47.05,90.0,100.0,20.83,-31.4707,19.776
Vaitape,78.33,83.0,73.0,19.19,-16.5167,-151.75
Esperance,62.44,54.0,9.0,9.62,-33.8667,121.9
Puerto Ayora,69.89,86.0,20.0,8.21,-0.7393,-90.3518
Lüderitz,54.84,87.0,0.0,7.58,-26.6481,15.1594
São João da Barra,69.15,80.0,17.0,6.8,-21.6403,-41.0511
Nacala,68.41,87.0,7.0,1.14,-14.5428,40.6728
Comodoro Rivadavia,57.06,30.0,20.0,34.52,-45.8667,-67.5
Te Anau,63.75,48.0,99.0,2.82,-45.4167,167.7167
Mathathane,77.54,39.0,0.0,6.53,-22.2687,28.7495
Hithadhoo,82.18,73.0,100.0,11.77,-0.6,73.0833
Vila Velha,69.75,88.0,20.0,0.0,-20.3297,-40.2925
Piaçabuçu,77.5,88.0,5.0,9.42,-10.4056,-36.4344
Coyhaique,48.15,53.0,75.0,6.91,-45.5752,-72.0662
Bambous Virieux,71.85,94.0,75.0,6.91,-20.3428,57.7575
Atambua,88.18,54.0,41.0,4.85,-9.1061,124.8925
Kavieng,84.97,67.0,21.0,13.56,-2.5744,150.7967
Ilabaya,63.16,51.0,11.0,1.36,-17.4208,-70.5133
Saldanha,58.46,82.0,100.0,22.19,-33.0117,17.9442
Port-Gentil,78.13,83.0,100.0,12.77,-0.7193,8.7815
Waipawa,56.75,54.0,98.0,12.21,-41.4122,175.5153
Ballina,80.65,75.0,40.0,12.66,-28.8667,153.5667
Faanui,78.33,83.0,77.0,19.51,-16.4833,-151.75
Amahai,84.38,69.0,71.0,3.09,-3.3333,128.9167
Kruisfontein,63.88,55.0,100.0,8.12,-34.0033,24.7314
Rundu,74.98,55.0,31.0,3.36,-17.9333,19.7667
Nabire,77.81,85.0,100.0,4.09,-3.3667,135.4833
Pisco,60.85,82.0,0.0,16.11,-13.7,-76.2167
Braço do Norte,60.53,94.0,0.0,1.99,-28.275,-49.1656
Kuruman,57.58,30.0,0.0,3.78,-27.4524,23.4325
Rocha,58.87,82.0,100.0,4.36,-34.4833,-54.3333
Airai,79.79,40.0,60.0,1.68,-8.9266,125.4092
Kahama,69.35,76.0,68.0,3.96,-3.8333,32.6
Isangel,79.2,79.0,43.0,7.11,-19.55,169.2667
East London,62.4,74.0,49.0,6.8,-33.0153,27.9116
Walvis Bay,50.95,87.0,0.0,3.44,-22.9575,14.5053
Chui,57.79,71.0,100.0,5.17,-33.6971,-53.4616
Mitsamiouli,76.53,76.0,78.0,8.63,-11.3847,43.2844
Itaituba,74.61,97.0,100.0,1.28,-4.2761,-55.9836
Souillac,71.98,94.0,75.0,6.91,-20.5167,57.5167
Yulara,78.64,25.0,0.0,18.41,-25.2406,130.9889
Tonantins,77.22,84.0,70.0,2.71,-2.8731,-67.8022
Manggar,84.0,70.0,100.0,4.85,-2.8833,108.2667
Bengkulu,81.66,73.0,95.0,0.6,-3.8004,102.2655
Carnarvon,80.67,29.0,0.0,14.97,-24.8667,113.6333
Baixa Grande,71.8,90.0,47.0,4.81,-11.9597,-40.1681
Santiago de Cao,60.93,88.0,90.0,10.36,-7.9589,-79.2392
Geraldton,75.61,33.0,0.0,11.5,-28.7667,114.6
Mkushi,67.55,56.0,7.0,5.61,-13.6202,29.3939
Grand Gaube,73.38,85.0,84.0,5.99,-20.0064,57.6608
Coolum Beach,80.37,82.0,18.0,10.33,-26.5333,153.1
Tual,83.62,71.0,49.0,8.32,-5.6667,132.75
Morondava,68.67,81.0,100.0,6.02,-20.2833,44.2833
Moranbah,91.42,30.0,71.0,14.72,-22.0016,148.0466
Saint-Pierre,71.26,76.0,20.0,4.61,-21.3393,55.4781
Likasi,64.45,84.0,100.0,0.58,-10.9814,26.7333
Belmonte,77.5,91.0,100.0,9.33,-15.8631,-38.8828
Port Elizabeth,57.49,77.0,0.0,4.61,-33.918,25.5701
Sola,81.28,75.0,87.0,11.86,-13.8833,167.55
Mount Isa,89.37,27.0,97.0,16.11,-20.7333,139.5
Tsiroanomandidy,66.45,65.0,7.0,2.01,-18.7667,46.0333
Trairi,79.43,81.0,99.0,8.3,-3.2778,-39.2689
Montepuez,66.7,80.0,8.0,3.91,-13.1256,38.9997
Saurimo,64.17,97.0,24.0,3.53,-9.6608,20.3916
Bloemfontein,42.28,87.0,1.0,1.14,-29.1211,26.214
Mackay,86.94,66.0,7.0,13.8,-21.15,149.2
Saint-Joseph,70.2,81.0,17.0,3.96,-21.3667,55.6167
Kiama,78.03,70.0,53.0,13.0,-34.6833,150.8667
Kaniama,65.84,98.0,100.0,1.19,-7.5667,24.1833
Campos do Jordão,52.43,97.0,3.0,1.59,-22.7394,-45.5914
Port Lincoln,60.28,52.0,9.0,16.96,-34.7333,135.8667
Caravelas,73.56,85.0,97.0,6.11,-17.7125,-39.2481
Bowen,89.82,66.0,100.0,10.49,-20.0167,148.2333
Samarai,81.95,74.0,100.0,13.82,-10.6167,150.6667
Río Gallegos,41.05,65.0,40.0,23.02,-51.6226,-69.2181
Neiafu,79.48,57.0,20.0,10.36,-18.65,-173.9833
Moindou,82.35,70.0,4.0,8.3,-21.6924,165.677
Emerald,91.54,43.0,2.0,10.36,-23.5333,148.1667
Codrington,56.79,76.0,62.0,14.47,-38.2667,141.9667
Kencong,84.34,68.0,100.0,4.07,-8.2833,113.3667
Necochea,52.03,91.0,100.0,4.47,-38.5473,-58.7368
Talara,65.95,90.0,96.0,12.71,-4.5772,-81.2719
Lagoa Santa,69.08,86.0,0.0,11.5,-19.6272,-43.8897
Rio Verde de Mato Grosso,82.22,47.0,20.0,5.23,-18.9181,-54.8442
Iraquara,68.7,96.0,32.0,1.97,-12.2486,-41.6194
Orán,79.43,42.0,0.0,3.0,-23.1322,-64.326
Mossamedes,64.51,69.0,68.0,9.51,-15.1961,12.1522
Hualmay,62.69,84.0,39.0,9.01,-11.0964,-77.6139
Katobu,90.0,53.0,48.0,3.53,-4.9408,122.5276
Bandrele,71.35,94.0,0.0,1.14,-12.9067,45.1914
Cabedelo,79.47,77.0,23.0,10.58,-6.9811,-34.8339
Beloha,64.98,81.0,100.0,10.98,-25.1667,45.05
Kapasan,85.26,62.0,100.0,3.4,-6.7773,111.3789
Olinda,80.33,78.0,75.0,6.91,-8.0089,-34.8553
Itamaracá,80.65,81.0,11.0,8.86,-7.7478,-34.8256
Cap Malheureux,73.47,85.0,84.0,5.99,-19.9842,57.6142
Kirakira,86.22,59.0,6.0,8.23,-10.4544,161.9205
Kununurra,94.98,46.0,6.0,9.22,-15.7667,128.7333
Bhisho,58.96,45.0,8.0,6.98,-32.8472,27.4422
Bariloche,44.35,61.0,40.0,23.02,-41.1456,-71.3082
Manta,73.18,83.0,75.0,9.22,-0.95,-80.7333
Aquiraz,80.69,83.0,18.0,8.28,-3.9014,-38.3911
Coquimbo,55.13,87.0,0.0,9.22,-29.9533,-71.3436
Bukama,71.08,88.0,100.0,0.76,-9.2,25.85
Itarantim,69.96,93.0,89.0,3.27,-15.6597,-40.0656
Christchurch,57.79,66.0,100.0,8.01,-43.5333,172.6333
Passa Quatro,56.77,91.0,10.0,1.9,-22.3903,-44.9667
Kismayo,77.49,81.0,15.0,11.05,-0.3582,42.5454
Ulladulla,81.27,46.0,42.0,5.28,-35.35,150.4667
Dolores,55.44,98.0,100.0,6.11,-36.3132,-57.6792
Touros,81.5,80.0,25.0,10.31,-5.1989,-35.4608
Vilhena,70.14,95.0,100.0,3.8,-12.7406,-60.1458
Conde,78.26,83.0,40.0,6.91,-7.2597,-34.9075
Buala,86.07,66.0,30.0,8.99,-8.145,159.5921
Henties Bay,57.85,86.0,0.0,5.5,-22.116,14.2845
Palmerston,93.04,52.0,20.0,6.91,-12.486,130.9833
Humaitá,78.73,74.0,41.0,2.53,-7.5061,-63.0208
Kaeo,60.33,97.0,100.0,18.97,-35.1,173.7833
Richards Bay,66.81,88.0,3.0,3.09,-28.783,32.0377
Ampanihy,64.04,83.0,100.0,9.57,-24.7,44.75
Tiarei,73.42,94.0,86.0,28.88,-17.5333,-149.3333
Trelew,56.48,32.0,12.0,23.91,-43.249,-65.3051
Whyalla,62.49,63.0,40.0,20.71,-33.0333,137.5833
Parkes,87.35,38.0,77.0,1.01,-33.1333,148.1833
Mareeba,88.63,52.0,36.0,8.52,-17.0,145.4333
Carutapera,77.02,93.0,94.0,5.91,-1.195,-46.02
Cururupu,75.79,95.0,82.0,2.73,-1.8283,-44.8683
Auki,87.66,59.0,10.0,4.74,-8.7676,160.7034
Launceston,55.92,93.0,90.0,5.01,-41.45,147.1667
Jaciara,75.06,81.0,63.0,3.2,-15.9653,-54.9683
Chilca,62.98,87.0,61.0,8.99,-12.5211,-76.7372
Burnie,57.94,67.0,89.0,5.08,-41.0667,145.9167
Dunedin,58.8,63.0,90.0,15.99,-45.8742,170.5036
Sungai Penuh,75.25,71.0,71.0,0.45,-2.0833,101.3833
Calama,51.19,22.0,0.0,3.53,-22.4667,-68.9333
Luanda,75.42,85.0,98.0,9.62,-8.8368,13.2343
Port Macquarie,82.89,62.0,2.0,13.42,-31.4333,152.9167
Lae,86.67,56.0,100.0,3.36,-6.7221,146.9847
