index,City_ID,City,Cloudiness,Country,Date,Humidity,Lat,Lng,Temp,Wind
0,0,ostrovnoy,2,RU,1558378754,72,68.05,39.51,37.5,7.16
2,2,qaanaaq,25,GL,1558378755,73,77.48,-69.36,22.2,2.37
13,13,saskylakh,0,RU,1558378757,91,71.97,114.09,4.92,2.26
16,16,vilyuysk,16,RU,1558378757,59,63.75,121.63,34.62,5.84
33,33,arman,0,RU,1558378760,64,59.7,150.17,31.56,5.3
34,34,mamakan,26,RU,1558378760,90,57.82,114.02,31.38,2.82
61,61,zhigansk,97,RU,1558378765,84,66.77,123.37,27.24,8.77
63,63,pevek,93,RU,1558378765,71,69.7,170.27,26.16,4.65
65,65,bilibino,93,RU,1558378766,89,68.06,166.44,27.6,6.29
71,71,qasigiannguit,90,GL,1558378767,86,68.82,-51.19,33.8,4.7
95,95,agirish,100,RU,1558378772,88,61.92,63.02,32.82,9.1
119,119,deputatskiy,47,RU,1558378776,82,69.3,139.9,8.52,3.31
136,136,iqaluit,90,CA,1558378780,86,63.75,-68.52,33.8,6.93
137,137,lavrentiya,31,RU,1558378780,95,65.58,-170.99,28.32,6.4
171,171,vitim,81,RU,1558378786,83,59.44,112.57,37.32,2.98
179,179,chokurdakh,0,RU,1558378788,89,70.62,147.9,7.08,5.99
191,191,naryan-mar,0,RU,1558378791,90,67.67,53.09,27.24,8.19
194,194,beringovskiy,58,RU,1558378791,90,63.05,179.32,27.42,6.2
196,196,ilulissat,90,GL,1558378791,86,69.22,-51.1,33.8,4.7
207,207,mnogovershinnyy,100,RU,1558378793,96,53.94,139.92,39.12,8.05
220,220,ust-tsilma,0,RU,1558378796,58,65.44,52.15,35.88,6.11
236,236,provideniya,5,RU,1558378816,72,64.42,-173.23,33.72,5.23
241,241,anadyr,75,RU,1558378821,74,64.73,177.51,30.2,6.71
251,251,leningradskiy,0,RU,1558378827,80,69.38,178.42,22.2,6.38
258,258,te anau,61,NZ,1558378834,93,-45.41,167.72,39.3,4.12
313,313,loukhi,100,RU,1558378847,75,66.08,33.04,38.04,9.91
333,333,raduzhnyy,100,RU,1558378853,93,62.1,77.47,39.3,9.86
347,347,tigil,33,RU,1558378856,92,57.8,158.67,36.6,4.59
355,355,onokhoy,33,RU,1558378857,51,51.92,108.05,37.4,2.24
356,356,leh,33,IN,1558378857,51,34.16,77.58,25.8,3.58
366,366,ust-barguzin,27,RU,1558378859,60,53.41,109.03,36.06,2.42
384,384,cherskiy,100,RU,1558378863,96,68.75,161.3,24.0,7.16
407,407,kyren,100,RU,1558378872,57,51.68,102.13,38.04,5.79
411,411,longyearbyen,75,NO,1558378873,74,78.22,15.63,28.4,5.82
422,422,susuman,0,RU,1558378875,75,62.78,148.15,22.38,3.15
438,438,waipawa,0,NZ,1558378879,93,-39.94,176.59,33.01,2.64
447,447,tilichiki,99,RU,1558378881,87,60.47,166.1,33.9,4.41
452,452,synya,29,RU,1558378882,68,65.37,58.04,32.28,8.55
482,482,muravlenko,28,RU,1558378887,89,63.79,74.5,34.98,7.83
